delay =1000e-6;
freq=1e6;